[gd_scene load_steps=5 format=3 uid="uid://f44h7ujundy5"]

[ext_resource type="PackedScene" uid="uid://ccnuhy18xk4ty" path="res://models/driver_panel/driver_panel.glb" id="1_a8oh2"]
[ext_resource type="Script" path="res://models/driver_panel/driver_panel.gd" id="2_dmmft"]
[ext_resource type="PackedScene" uid="uid://dlo812m3e6gas" path="res://models/driver_panel/button.tscn" id="3_1er8r"]
[ext_resource type="PackedScene" uid="uid://dd6hn764ix4sk" path="res://models/driver_panel/panel_lamp.tscn" id="4_s6lxc"]

[node name="driver_panel" instance=ExtResource("1_a8oh2")]
script = ExtResource("2_dmmft")

[node name="VelocityBone" parent="Circle" index="2"]
unique_name_in_owner = true

[node name="TorqueBone" parent="Circle_003" index="2"]
unique_name_in_owner = true

[node name="SpeedIncButton" parent="." index="3" instance=ExtResource("3_1er8r")]
transform = Transform3D(1, 0, 0, 0, 1, 0, 0, 0, 1, 0.359196, 0.71718, 0.125515)
label = "→"

[node name="SpeedStopButton" parent="." index="4" instance=ExtResource("3_1er8r")]
transform = Transform3D(1, 0, 0, 0, 1, 0, 0, 0, 1, 0.229645, 0.71718, 0.125515)
label = "0"

[node name="SpeedDecButton" parent="." index="5" instance=ExtResource("3_1er8r")]
transform = Transform3D(1, 0, 0, 0, 1, 0, 0, 0, 1, 0.0976894, 0.71718, 0.125515)
label = "←"

[node name="ThrottleIncButton" parent="." index="6" instance=ExtResource("3_1er8r")]
transform = Transform3D(1, 0, 0, 0, 1, 0, 0, 0, 1, -0.097708, 0.71718, 0.125515)
label = "↑"

[node name="ThrottleStopButton" parent="." index="7" instance=ExtResource("3_1er8r")]
transform = Transform3D(1, 0, 0, 0, 1, 0, 0, 0, 1, -0.227259, 0.71718, 0.125515)
label = "X"

[node name="ThrottleDecButton" parent="." index="8" instance=ExtResource("3_1er8r")]
transform = Transform3D(1, 0, 0, 0, 1, 0, 0, 0, 1, -0.359215, 0.71718, 0.125515)
label = "↓"

[node name="ThrottleControlLamp" parent="." index="9" instance=ExtResource("4_s6lxc")]
transform = Transform3D(1, 0, 0, 0, 0.663365, -0.748296, 0, 0.748296, 0.663365, -0.370638, 0.744551, 0.0128663)

[node name="ThrottleReverseLamp" parent="." index="10" instance=ExtResource("4_s6lxc")]
transform = Transform3D(1, 0, 0, 0, 0.663365, -0.748296, 0, 0.748296, 0.663365, -0.312399, 0.744551, 0.0128663)
color = Color(1, 0, 0, 1)

[node name="SpeedControlLamp" parent="." index="11" instance=ExtResource("4_s6lxc")]
transform = Transform3D(1, 0, 0, 0, 0.663365, -0.748296, 0, 0.748296, 0.663365, 0.0970932, 0.744551, 0.0128663)

[node name="SpeedReverseLamp" parent="." index="12" instance=ExtResource("4_s6lxc")]
transform = Transform3D(1, 0, 0, 0, 0.663365, -0.748296, 0, 0.748296, 0.663365, 0.156079, 0.744551, 0.0128663)
color = Color(1, 0, 0, 1)

[connection signal="pressed" from="SpeedIncButton" to="." method="_on_speed_inc_button_pressed"]
[connection signal="pressed" from="SpeedStopButton" to="." method="_on_speed_stop_button_pressed"]
[connection signal="pressed" from="SpeedDecButton" to="." method="_on_speed_dec_button_pressed"]
[connection signal="pressed" from="ThrottleIncButton" to="." method="_on_throttle_inc_button_pressed"]
[connection signal="pressed" from="ThrottleStopButton" to="." method="_on_throttle_stop_button_pressed"]
[connection signal="pressed" from="ThrottleDecButton" to="." method="_on_throttle_dec_button_pressed"]
